5212466000017760189
5212466000024404755
5212466000028752422
5212466000035762649
5212466000043603330
5212466000044148084
5212466000048381310
5212466000050004738
5212466000051352295
5212466000051449501
5212466000052263893
5212466000054312205
5212466000063864881
5212466000065025422
5212466000065044474
5212466000076773975
5212466000085388450
5212466000094981620
5212466000108840432
5212466000114358273
5212466000190933718
5212466000210705721
5212466000230274801
5212466000233879273
5212466000235757083
5212466000237939167
5212466000252095008
5212466000258556001
5212466000271524010
5212466000277344415
5212466000295367134
5212466000317128074
5212466000332120879
5212466000332321248
5212466000373612200
5212466000423070247
5212466000432464563
5212466000439154590
5212466000456297483
5212466000459160251
5212466000462956002
5212466000476920738
5212466000499998038
5212466000506644949
5212466000510872833
5212466000512416403
5212466000525575308
5212466000526044230
5212466000539120523
5212466000568076684
5212466000587777044
5212466000596736187
5212466000602313060
5212466000602652047
5212466000630484528
5212466000631665101
5212466000633982761
5212466000655955149
5212466000657885207
5212466000660985588
5212466000662300860
5212466000707487989
5212466000726681719
5212466000727959135
5212466000742428190
5212466000767238333
5212466000770255750
5212466000773681202
5212466000779833538
5212466000786564406
5212466000788217003
5212466000796781054
5212466000797305230
5212466000797527406
5212466000797804911
5212466000799452846
5212466000799536225
5212466000800246838
5212466000802398831
5212466000807023837
5212466000816396540
5212466000818421274
5212466000828126065
5212466000829683174
5212466000830233196
5212466000835281004
5212466000841366219
5212466000843585129
5212466000843777002
5212466000845943014
5212466000849333659
5212466000859631160
5212466000860161160
5212466000862110865
5212466000865843273
5212466000867914812
5212466000867952545
5212466000868470130
5212466000871038098
5212466000873151179
5212466000881591628
5212466000882690833
5212466000882910716
5212466000884681147
5212466000885243354
5212466000885604722
5212466000893718548
5212466000902148186
5212466000902177074
5212466000902352056
5212466000906920010
5212466000918251502
5212466000918617368
5212466000919635262
5212466000923662412
5212466000923790348
5212466000926122556
5212466000926638561
5212466000929601015
5212466000938412714
5212466000941923639
5212466000945371598
5212466000946362977
5212466000948461461
5212466000960051334
5212466000962689028
5212466000965621632
5212466000967099897
5212466000968125771
5212466000970059648
5212466000974869626
5212466000984141217
5212466000986504053
5212466000988422913
5212466000988434433
5212466000988865541
5212466000988867666
5212466000989801005
5212466000989927141
5212466000990252591
5212466000990266489
5212466000990431632
5212466000992862226
5212466000993046116
5212466000993180322
5212466000994060351
5212466000994681011
5212466000994796613
5212466000995035726
5212466000995067928
5212466000995247074
5212466000995253032
5212466000995982570
5212466000996180846
5212466000996205630
5212466000996212495
5212466000996224439
5212466000996811112
5212466000996927005
5212466000997176156
5212466000997181008
5212466000998080438
5212466000998165561
5212466000998166852
5212466000998178332
5212466000999072829
5212466000999102147
5212466000999110712
5212466000999275303
5212466000999282276
5212466000999298152
5212466001000222123
5212466001000222356
5212466001000227980
5212466001000232829
5212466001000248775
5212466001000249779
5212466001000250582
5212466001000299609
5212466001000314033
5212466001000314940
5212466001000327996
5212466001000336858
5212466001000393826
5212466001000393933
5212466001000398922
5212466001000399953
5212466001000404213
5212466001000404470
5212466001000404868
5212466001000404902
5212466001000407718
5212466001000411756
5212466001000417104
5212466001000417784
5212466001000426390
5212466001000427116
5212466001000427273
5212466001000428656
5212466001000437344
5212466001000437740
5212466001000441390
5212466001000441445
5212466001000447162
5212466001000447493
5212466001000452385
5212466001000452500
5212466001000477404
5212466001000478431
5212466001000481421
5212466001000481494
5212466001000485517
5212466001000485558
5212466001000490122
5212466001000490125
5212466001000491414
5212466001000493089
5212466001000493280
5212466001000493283
5212466001000494282
5212466001000494410
5212466001000497234
5212466001000500165
5212466001000500245
5212466001000510160
5212466001000511185
5212466001000515135
5212466001000516087
5212466001000568132
5212466001000568215
5212466001000568959
5212466001000599691
5212466001000600002
5212466001000600011
5212466001000610997
5212466001000612837
5212466001000613779
5212466001000613788
5212466001000616574
5212466001000626189
5212466001000626912
5212466001000634544
5212466001000650490
5212466001000650558
5212466001000650567
5212466001000653161
5212466001000910047
5212466001000923011
5212466001000926005
5212466001001066005
5212466001001066335
5212466001001066513
5212466001001070293
5212466001001072452
5212466001001075701
5212466001001076494
5212466001001077248
5212466001001079763
5212466001001083533
5212466001001085772
5212466001001086625
5212466001001086793
5212466001001088474
5212466001001089900
5212466001001098903
5212466001001102925
5212466001001105923
5212466001001153681
5212466001001153937
5212466001001155985
5212466001001171959
5212466001001173969
5212466001001175150
5212466001001180959
5212466001001181761
5212466001001181811
5212466001001182011
5212466001001183992
5212466001001187442
5212466001001187942
5212466001001188588
5212466001001189758
5212466001001193858
5212466001001193999
5212466001001194536
5212466001001194939
5212466001001195670
5212466001001198613
5212466001001198949
5212466001001198967
5212466001001199675
5212466001001200739
5212466001001200864
5212466001001200977
5212466001001201968
5212466001001201974
5212466001001202245
5212466001001202621
5212466001001202745
5212466001001204904
5212466001001205719
5212466001001206740
5212466001001206938
5212466001001207851
5212466001001207982
5212466001001238351
5212466001001253135
5212466001001253172
5212466001001254369
5212466001001254372
5212466001001255274
5212466001001256105
5212466001001256118
5212466001001256247
5212466001001256339
5212466001001257429
5212466001001262432
5212466001001263066
5212466001001272014
5212466001001272034
5212466001001272068
5212466001001274067
5212466001001277011
5212466001001284089
5212466001001284114
5212466001001285084
5212466001001285093
5212466001001289123
5212466001001291019
5212466001001908300
5212466001001910792
5212466001001956042
5212466001001970724
5212466001001975913
5212466001001979311
5212466001001989552
5212466001001990194
5212466001001996472
5212466001002048048
5212466001002067487
5212466001002067694
5212466001002072552
5212466001002075421
5212466001002077276
5212466001002103578
5212466001002103638
5212466001002103869
5212466001002109158
5212466001002114112
5212466001002115655
5212466001002119695
5212466001002121610
5212466001002127433
5212466001002129096
5212466001002129179
5212466001002130314
5212466001002133289
5212466001002181853
5212466001002182686
5212466001002183622
5212466001002183663
5212466001002184565
5212466001002185795
5212466001002185804
5212466001002185907
5212466001002188500
5212466001002188851
5212466001002191664
5212466001002192714
5212466001002194602
5212466001002196362
5212466001002196530
5212466001002196648
5212466001002198512
5212466001002198531
5212466001002198691
5212466001002198784
5212466001002202630
5212466001002202702
5212466001002205694
5212466001002205697
5212466001002205746
5212466001002205754
5212466001002205795
5212466001002205810
5212466001002212299
5212466001002212596
5212466001002214483
5212466001002214486
5212466001002214490
5212466001002219337
5212466001002220379
5212466001002221414
5212466001002222767
5212466001002225426
5212466001002225712
5212466001002225875
5212466001002225901
5212466001002231444
5212466001002235908
5212466001002236474
5212466001002238449
5212466001002912229
5212466001002926204
5212466001002957302
5212466001002981136
5212466001002993499
5212466001002996063
5212466001003003244
5212466001003023021
5212466001003027289
5212466001003031225
5212466001003062358
5212466001003077797
5212466001003077924
5212466001003077996
5212466001003149041
5212466001003156988
5212466001003157133
5212466001003167760
5212466001003169692
5212466001003170979
5212466001003176638
5212466001003177880
5212466001003183014
5212466001003188567
5212466001003194934
5212466001003195403
5212466001003198401
5212466001003199239
5212466001003199884
5212466001003202421
5212466001003205575
5212466001003239815
5212466001003249659
5212466001003249686
5212466001003256803
5212466001003259598
5212466001003259759
5212466001003259763
5212466001003261670
5212466001003261690
5212466001003261693
5212466001003262447
5212466001003268099
5212466001003269616
5212466001003269643
5212466001003269646
5212466001003269763
5212466001003270699
5212466001003270851
5212466001003271047
5212466001003272764
5212466001003272936
5212466001003275185
5212466001003275684
5212466001003276303
5212466001003276559
5212466001003276619
5212466001003279473
5212466001003279476
5212466001003280360
5212466001003283508
5212466001003283549
5212466001003286226
5212466001003286338
5212466001003287004
5212466001003287423
5212466001003288344
5212466001003289126
5212466001003289373
5212466001003290411
5212466001003290440
5212466001003292125
5212466001003292411
5212466001003292434
5212466001003294250
5212466001003294268
5212466001003302196
5212466001003302252
5212466001003305088
5212466001003856408
5212466001003875288
5212466001003875378
5212466001003875896
5212466001003894955
5212466001003916506
5212466001003928531
5212466001003932028
5212466001003943322
5212466001003962047
5212466001003964005
5212466001003975070
5212466001003979021
5212466001003998004
5212466001003998027
5212466001004000153
5212466001004008063
5212466001004020041
5212466001004027397
5212466001004028707
5212466001004028913
5212466001004033768
5212466001004033924
5212466001004043688
5212466001004071284
5212466001004074982
5212466001004078492
5212466001004081398
5212466001004083037
5212466001004092815
5212466001004094988
5212466001004100061
5212466001004136565
5212466001004136636
5212466001004136839
5212466001004138304
5212466001004143005
5212466001004143790
5212466001004148678
5212466001004148691
5212466001004148778
5212466001004149702
5212466001004149739
5212466001004153701
5212466001004153710
5212466001004154378
5212466001004155127
5212466001004156091
5212466001004156515
5212466001004156583
5212466001004156793
5212466001004157627
5212466001004157694
5212466001004157704
5212466001004158492
5212466001004158748
5212466001004159545
5212466001004159789
5212466001004160556
5212466001004161502
5212466001004161728
5212466001004161736
5212466001004162349
5212466001004162469
5212466001004162494
5212466001004164706
5212466001004167643
5212466001004170888
5212466001004170940
5212466001004171576
5212466001004171632
5212466001004174465
5212466001004176317
5212466001004176657
5212466001004177176
5212466001004177431
5212466001004179299
5212466001004246262
5212466001004246492
5212466001004257353
5212466001004688619
5212466001004695784
5212466001004697475
5212466001004697860
5212466001004714109
5212466001004722041
5212466001004723739
5212466001004726118
5212466001004726174
5212466001004726307
5212466001004726785
5212466001004728848
5212466001004729589
5212466001004731973
5212466001004752791
5212466001004770346
5212466001004782596
5212466001004782969
5212466001004783000
5212466001004795764
5212466001004795914
5212466001004800694
5212466001004800752
5212466001004813027
5212466001004813492
5212466001004815691
5212466001004815753
5212466001004815862
5212466001004823626
5212466001004823791
5212466001004823840
5212466001004825524
5212466001004838323
5212466001004838574
5212466001004838712
5212466001004842328
5212466001004843493
5212466001004843655
5212466001004843673
5212466001004843710
5212466001004846516
5212466001004848352
5212466001004848435
5212466001004848499
5212466001004848934
5212466001004853482
5212466001004855284
5212466001004855505
5212466001004855513
5212466001004855516
5212466001004855535
5212466001004857504
5212466001004858212
5212466001004859372
5212466001004859375
5212466001004859378
5212466001004859535
5212466001004859666
5212466001004861324
5212466001004861516
5212466001004864204
5212466001004866029
5212466001004866068
5212466001004866485
5212466001004866551
5212466001004868647
5212466001004875141
5212466001004875159
5212466001004875209
5212466001004878261
5212466001004879026
5212466001004879036
5212466001004879249
5212466001004883113
5212466001004883131
5212466001004883141
5212466001004888261
5212466001004889810
5212466001004915007
5212466001004915244
5212466001004915621
5212466001004915654
5212466001004915872
5212466001004916014
5212466001004916670
5212466001004916861
5212466001004924200
5212466001004932003
5212466001004946131
5212466001004956163
5212466001004958066
5212466001004958227
5212466001004965174
5212466001004967372
5212466001004969127
5212466001004972428
5212466001004979099
5212466001004982048
5212466001004986045
5212466001005024266
5212466001005031048
5212466001005053326
5212466001005053493
5212466001005054367
5212466001005054460
5212466001005054672
5212466001005054904
5212466001005055076
5212466001005055079
5212466001005055252
5212466001005055255
5212466001005055678
5212466001005055757
5212466001005055813
5212466001005056272
5212466001005056342
5212466001005056574
5212466001005056629
5212466001005056632
5212466001005056712
5212466001005057223
5212466001005058679
5212466001005058733
5212466001005059073
5212466001005059576
5212466001005059682
5212466001005060063
5212466001005060667
5212466001005060840
5212466001005061001
5212466001005061020
5212466001005061247
5212466001005061630
5212466001005064214
5212466001005064256
5212466001005064535
5212466001005064641
5212466001005064743
5212466001005065095
5212466001005065649
5212466001005065721
5212466001005066047
5212466001005066597
5212466001005066652
5212466001005066778
5212466001005067098
5212466001005067673
5212466001005068181
5212466001005068298
5212466001005068815
5212466001005069484
5212466001005069551
5212466001005069638
5212466001005069654
5212466001005069713
5212466001005071324
5212466001005071738
5212466001005071768
5212466001005071837
5212466001005072096
5212466001005072391
5212466001005072415
5212466001005072448
5212466001005072563
5212466001005072592
5212466001005075598
5212466001005075715
5212466001005076064
5212466001005076711
5212466001005078338
5212466001005080187
5212466001005081002
5212466001005081304
5212466001005081319
5212466001005081397
5212466001005081955
5212466001005082473
5212466001005082546
5212466001005084018
5212466001005084320
5212466001005084410
5212466001005084546
5212466001005144056
5212466001005164024
5212466001005187038
5212466001005194040
5212466001005200025
5212466001005205018
5212466001005217025
5212466001005219002
5212466001005223001
5212466001005225055
5212466001005243017
5212466001005244011
5212466001005257010
5212466001005265035
5212466001005265519
5212466001005266723
5212466001005267167
5212466001005268429
5212466001005270274
5212466001005272006
5212466001005272009
5212466001005274049
5212466001005274065
5212466001005276595
5212466001005276629
5212466001005278607
5212466001005288007
5212466001005288674
5212466001005291001
5212466001005291606
5212466001005291673
5212466001005292091
5212466001005294743
5212466001005295006
5212466001005312003
5212466001005314066
5212466001005356189
5212466001005356577
5212466001005412692
5212466001005413681
5212466001005415691
5212466001005417382
5212466001005417878
5212466001005419682
5212466001005420223
5212466001005420718
5212466001005420741
5212466001005420745
5212466001005421852
5212466001005421897
5212466001005422719
5212466001005422892
5212466001005422982
5212466001005423487
5212466001005423938
5212466001005424716
5212466001005425728
5212466001005425799
5212466001005425838
5212466001005426027
5212466001005426718
5212466001005429513
5212466001005429793
5212466001005432818
5212466001005435213
5212466001005437419
5212466001005437688
5212466001005437701
5212466001005438145
5212466001005438672
5212466001005438975
5212466001005439595
5212466001005439761
5212466001005440933
5212466001005440978
5212466001005441760
5212466001005441773
5212466001005442177
5212466001005443480
5212466001005443809
5212466001005443916
5212466001005444785
5212466001005444828
5212466001005444920
5212466001005444933
5212466001005444984
5212466001005445615
5212466001005445758
5212466001005449294
5212466001005449350
5212466001005454233
5212466001005454456
5212466001005509786
5212466001005550066
5212466001005554879
5212466001005556614
5212466001005571021
5212466001005571403
5212466001005582040
5212466001005582415
5212466001005582805
5212466001005587069
5212466001005587149
5212466001005592363
5212466001005592482
5212466001005594272
5212466001005597476
5212466001005599241
5212466001005600331
5212466001005612353
5212466001005612695
5212466001005715253
5212466001005718410
5212466001005718618
5212466001005737241
5212466001006331204
5212466001006337544
5212466001006343477
5212466001006344503
5212466001006347164
5212466001006350653
5212466001006352193
5212466001006353125
5212466001006366220
5212466001006375228
5212466001006413658
5212466001006416648
5212466001006436002
5212466001006436837
5212466001006438175
5212466001006438648
5212466001006451758
5212466001006477339
5212466001006478176
5212466001006478263
5212466001006478281
5212466001006483132
5212466001006493189
5212466001006493357
5212466001006493781
5212466001006498125
5212466001006501049
5212466001006502435
5212466001006502769
5212466001006504817
5212466001006508001
5212466001006508097
5212466001006508222
5212466001006508333
5212466001006508613
5212466001006512002
5212466001006512067
5212466001006512233
5212466001006515120