5212466000205314165
5212466000343957675
5212466000421028208
5212466000596679713
5212466000618046302
5212466000706130613
5212466000873040979
5212466000986842562
5212466000988831612
5212466000989921305
5212466000994062269
5212466000995985545
5212466000996879232
5212466000997203031
5212466000998103360
5212466000998140871
5212466000998154863
5212466000998165526
5212466000999007355
5212466000999086641
5212466000999285124
5212466001000167985
5212466001000171553
5212466001000230955
5212466001000248406
5212466001000256550
5212466001000256996
5212466001000305203
5212466001000314990
5212466001000328968
5212466001000333961
5212466001000357932
5212466001000359715
5212466001000372935
5212466001000380889
5212466001000390572
5212466001000392807
5212466001000392855
5212466001000392950
5212466001000393872
5212466001000399729
5212466001000399776
5212466001000404434
5212466001000404702
5212466001000407721
5212466001000411221
5212466001000417193
5212466001000417625
5212466001000417834
5212466001000425518
5212466001000425700
5212466001000426414
5212466001000426592
5212466001000427177
5212466001000427561
5212466001000427597
5212466001000427669
5212466001000428780
5212466001000428846
5212466001000437663
5212466001000441409
5212466001000452388
5212466001000452456
5212466001000454487
5212466001000454722
5212466001000469606
5212466001000469644
5212466001000469707
5212466001000477368
5212466001000481458
5212466001000485029
5212466001000490248
5212466001000491314
5212466001000491365
5212466001000491417
5212466001000494148
5212466001000495146
5212466001000495268
5212466001000495358
5212466001000500290
5212466001000511085
5212466001000511144
5212466001000511194
5212466001000515034
5212466001000515071
5212466001000515138
5212466001000515184
5212466001000515220
5212466001000516116
5212466001000516232
5212466001000552012
5212466001000561362
5212466001000561965
5212466001000568731
5212466001000570006
5212466001000576793
5212466001000581525
5212466001000581900
5212466001000581966
5212466001000610044
5212466001000610551
5212466001000616440
5212466001000617255
5212466001000623500
5212466001000626295
5212466001000630393
5212466001000630743
5212466001000631682
5212466001000634785
5212466001000650493
5212466001000650910
5212466001000651464
5212466001000652147
5212466001001061251
5212466001001066008
5212466001001071183
5212466001001077010
5212466001001077917
5212466001001078664
5212466001001083449
5212466001001083486
5212466001001088252
5212466001001090510
5212466001001090636
5212466001001095123
5212466001001098515
5212466001001102064
5212466001001105931
5212466001001108302
5212466001001108679
5212466001001108950
5212466001001110740
5212466001001113321
5212466001001153684
5212466001001155938
5212466001001171838
5212466001001172831
5212466001001174307
5212466001001175912
5212466001001176774
5212466001001177063
5212466001001181102
5212466001001181494
5212466001001181694
5212466001001182883
5212466001001183007
5212466001001183510
5212466001001187703
5212466001001187786
5212466001001187950
5212466001001188740
5212466001001188878
5212466001001188924
5212466001001189078
5212466001001189836
5212466001001190907
5212466001001192857
5212466001001193070
5212466001001194826
5212466001001194903
5212466001001197527
5212466001001197940
5212466001001198977
5212466001001199753
5212466001001199867
5212466001001200412
5212466001001200692
5212466001001200775
5212466001001201768
5212466001001201826
5212466001001202849
5212466001001202885
5212466001001202926
5212466001001202974
5212466001001204651
5212466001001206600
5212466001001206657
5212466001001206760
5212466001001206863
5212466001001206901
5212466001001206941
5212466001001207815
5212466001001209518
5212466001001209638
5212466001001238361
5212466001001242191
5212466001001242321
5212466001001254196
5212466001001254249
5212466001001255114
5212466001001256067
5212466001001256206
5212466001001257352
5212466001001259088
5212466001001260109
5212466001001260322
5212466001001261021
5212466001001261115
5212466001001261201
5212466001001262341
5212466001001263142
5212466001001263219
5212466001001263472
5212466001001266012
5212466001001266159
5212466001001267047
5212466001001267133
5212466001001267262
5212466001001274129
5212466001001274168
5212466001001274214
5212466001001277095
5212466001001277162
5212466001001282069
5212466001001284053
5212466001001285307
5212466001001289060
5212466001001291042
5212466001001910369
5212466001001921709
5212466001001923745
5212466001001936656
5212466001001971352
5212466001001975351
5212466001001982165
5212466001001983546
5212466001001991666
5212466001002077548
5212466001002081796
5212466001002103489
5212466001002108825
5212466001002118319
5212466001002122064
5212466001002122227
5212466001002125371
5212466001002127326
5212466001002128102
5212466001002128289
5212466001002131070
5212466001002132026
5212466001002132568
5212466001002133237
5212466001002133510
5212466001002183518
5212466001002184806
5212466001002184859
5212466001002185148
5212466001002185624
5212466001002185849
5212466001002187679
5212466001002188340
5212466001002188610
5212466001002191546
5212466001002194605
5212466001002196398
5212466001002196543
5212466001002196581
5212466001002198540
5212466001002198590
5212466001002198643
5212466001002198746
5212466001002198818
5212466001002202574
5212466001002205519
5212466001002212746
5212466001002213382
5212466001002213451
5212466001002213499
5212466001002213563
5212466001002213605
5212466001002214528
5212466001002217441
5212466001002218688
5212466001002219544
5212466001002220414
5212466001002220500
5212466001002220562
5212466001002221489
5212466001002222450
5212466001002223453
5212466001002225450
5212466001002226471
5212466001002226555
5212466001002227306
5212466001002227654
5212466001002227718
5212466001002231322
5212466001002231361
5212466001002231468
5212466001002233187
5212466001002233335
5212466001002235320
5212466001002236248
5212466001002236481
5212466001002236519
5212466001002236918
5212466001002237302
5212466001002237582
5212466001002237734
5212466001002238013
5212466001002238202
5212466001002238239
5212466001002825171
5212466001002951052
5212466001002972729
5212466001002972992
5212466001002974073
5212466001002981930
5212466001003023024
5212466001003023330
5212466001003027236
5212466001003055049
5212466001003059001
5212466001003059816
5212466001003072125
5212466001003075245
5212466001003076547
5212466001003079256
5212466001003156572
5212466001003158018
5212466001003158603
5212466001003158773
5212466001003158832
5212466001003160935
5212466001003161718
5212466001003167994
5212466001003171145
5212466001003171993
5212466001003177701
5212466001003181033
5212466001003181871
5212466001003185804
5212466001003187112
5212466001003195475
5212466001003196000
5212466001003196432
5212466001003196757
5212466001003197815
5212466001003202330
5212466001003202852
5212466001003239823
5212466001003239898
5212466001003249586
5212466001003249724
5212466001003254685
5212466001003256512
5212466001003256691
5212466001003256811
5212466001003259247
5212466001003259642
5212466001003259853
5212466001003260563
5212466001003260673
5212466001003260721
5212466001003261102
5212466001003264260
5212466001003264598
5212466001003264639
5212466001003264694
5212466001003264780
5212466001003269077
5212466001003269451
5212466001003269710
5212466001003271518
5212466001003271581
5212466001003271639
5212466001003272435
5212466001003272585
5212466001003272710
5212466001003272767
5212466001003275314
5212466001003275572
5212466001003276669
5212466001003278316
5212466001003278492
5212466001003279346
5212466001003279524
5212466001003279585
5212466001003280405
5212466001003280458
5212466001003283469
5212466001003283511
5212466001003283669
5212466001003285423
5212466001003285582
5212466001003286295
5212466001003286381
5212466001003286453
5212466001003287299
5212466001003287352
5212466001003289215
5212466001003289427
5212466001003290210
5212466001003291335
5212466001003294435
5212466001003295288
5212466001003295385
5212466001003305177
5212466001003858276
5212466001003872493
5212466001003885508
5212466001003894135
5212466001003894173
5212466001003898937
5212466001003934001
5212466001003934048
5212466001003947281
5212466001003947863
5212466001003948421
5212466001003952343
5212466001003952940
5212466001003962050
5212466001003979024
5212466001004008066
5212466001004027797
5212466001004043975
5212466001004065949
5212466001004069315
5212466001004069891
5212466001004072103
5212466001004076557
5212466001004080207
5212466001004080724
5212466001004084334
5212466001004090841
5212466001004091767
5212466001004092198
5212466001004095250
5212466001004129922
5212466001004136601
5212466001004138838
5212466001004139717
5212466001004139852
5212466001004139952
5212466001004143801
5212466001004148787
5212466001004148837
5212466001004149539
5212466001004149742
5212466001004149811
5212466001004149939
5212466001004153446
5212466001004153577
5212466001004153622
5212466001004154220
5212466001004154740
5212466001004154961
5212466001004156383
5212466001004156518
5212466001004157114
5212466001004157347
5212466001004158574
5212466001004158929
5212466001004159135
5212466001004159588
5212466001004159698
5212466001004159792
5212466001004161457
5212466001004161593
5212466001004162036
5212466001004162424
5212466001004162497
5212466001004163486
5212466001004163579
5212466001004164041
5212466001004165782
5212466001004167676
5212466001004170007
5212466001004170449
5212466001004170633
5212466001004170793
5212466001004171150
5212466001004171500
5212466001004172440
5212466001004172499
5212466001004172686
5212466001004174922
5212466001004175344
5212466001004176386
5212466001004177395
5212466001004177434
5212466001004179254
5212466001004250165
5212466001004250356
5212466001004260935
5212466001004685432
5212466001004685959
5212466001004689265
5212466001004689300
5212466001004690799
5212466001004694359
5212466001004697046
5212466001004700184
5212466001004701720
5212466001004714849
5212466001004722163
5212466001004722697
5212466001004728273
5212466001004728701
5212466001004728851
5212466001004741089
5212466001004769957
5212466001004770744
5212466001004770911
5212466001004782056
5212466001004782909
5212466001004795609
5212466001004795772
5212466001004795832
5212466001004795879
5212466001004797925
5212466001004800965
5212466001004813609
5212466001004813774
5212466001004813934
5212466001004815550
5212466001004815651
5212466001004815946
5212466001004823574
5212466001004823653
5212466001004823730
5212466001004823794
5212466001004823868
5212466001004825317
5212466001004825551
5212466001004838348
5212466001004838435
5212466001004842548
5212466001004846323
5212466001004846375
5212466001004846410
5212466001004846645
5212466001004848388
5212466001004853419
5212466001004855005
5212466001004855197
5212466001004855307
5212466001004855421
5212466001004857094
5212466001004857547
5212466001004857622
5212466001004857834
5212466001004858288
5212466001004860668
5212466001004861407
5212466001004861475
5212466001004861520
5212466001004861635
5212466001004864313
5212466001004864348
5212466001004864411
5212466001004864446
5212466001004866190
5212466001004866230
5212466001004866271
5212466001004866403
5212466001004866445
5212466001004866725
5212466001004868344
5212466001004868385
5212466001004868425
5212466001004868998
5212466001004869371
5212466001004875452
5212466001004878266
5212466001004878301
5212466001004879047
5212466001004879830
5212466001004883177
5212466001004883452
5212466001004883713
5212466001004888108
5212466001004888223
5212466001004889044
5212466001004889092
5212466001004889156
5212466001004889660
5212466001004911041
5212466001004911078
5212466001004911113
5212466001004912011
5212466001004912064
5212466001004912156
5212466001004915182
5212466001004915789
5212466001004916494
5212466001004924021
5212466001004924063
5212466001004924254
5212466001004924620
5212466001004924697
5212466001004933279
5212466001004943543
5212466001004954512
5212466001004956179
5212466001004965009
5212466001004969062
5212466001004986308
5212466001004992021
5212466001004992112
5212466001005003141
5212466001005010038
5212466001005013248
5212466001005024116
5212466001005030195
5212466001005032037
5212466001005053017
5212466001005053138
5212466001005053261
5212466001005053431
5212466001005053562
5212466001005053692
5212466001005053733
5212466001005053851
5212466001005054042
5212466001005054287
5212466001005054370
5212466001005054765
5212466001005054801
5212466001005054863
5212466001005055507
5212466001005055621
5212466001005056203
5212466001005056412
5212466001005057236
5212466001005057570
5212466001005058021
5212466001005058621
5212466001005058693
5212466001005059216
5212466001005059282
5212466001005059512
5212466001005060081
5212466001005060398
5212466001005060433
5212466001005060686
5212466001005060800
5212466001005061040
5212466001005061635
5212466001005061715
5212466001005062001
5212466001005062164
5212466001005062299
5212466001005062376
5212466001005062756
5212466001005064070
5212466001005064320
5212466001005064493
5212466001005064538
5212466001005064606
5212466001005065244
5212466001005065534
5212466001005065569
5212466001005066011
5212466001005066081
5212466001005066349
5212466001005066611
5212466001005066676
5212466001005067211
5212466001005067271
5212466001005067480
5212466001005067527
5212466001005067638
5212466001005068301
5212466001005068541
5212466001005068581
5212466001005068636
5212466001005068676
5212466001005068736
5212466001005069179
5212466001005069220
5212466001005069274
5212466001005069792
5212466001005069832
5212466001005071253
5212466001005071337
5212466001005071403
5212466001005071796
5212466001005071847
5212466001005072280
5212466001005072355
5212466001005075017
5212466001005075147
5212466001005075345
5212466001005075426
5212466001005075461
5212466001005075607
5212466001005075751
5212466001005076177
5212466001005076499
5212466001005078242
5212466001005078477
5212466001005080513
5212466001005080660
5212466001005081044
5212466001005081441
5212466001005081571
5212466001005081718
5212466001005082661
5212466001005082699
5212466001005082781
5212466001005082821
5212466001005084323
5212466001005084593
5212466001005084719
5212466001005144013
5212466001005163013
5212466001005176050
5212466001005182022
5212466001005183020
5212466001005184018
5212466001005184053
5212466001005185011
5212466001005187003
5212466001005193018
5212466001005206018
5212466001005218012
5212466001005259001
5212466001005264876
5212466001005265374
5212466001005266665
5212466001005269021
5212466001005269066
5212466001005269721
5212466001005275018
5212466001005275103
5212466001005275222
5212466001005276692
5212466001005278084
5212466001005280476
5212466001005288576
5212466001005288706
5212466001005290385
5212466001005292003
5212466001005292193
5212466001005292883
5212466001005293853
5212466001005294075
5212466001005294657
5212466001005297001
5212466001005298006
5212466001005300003
5212466001005309737
5212466001005311001
5212466001005312212
5212466001005314011
5212466001005314069
5212466001005314368
5212466001005412976
5212466001005415704
5212466001005416454
5212466001005416924
5212466001005417617
5212466001005420768
5212466001005421262
5212466001005421700
5212466001005421745
5212466001005422619
5212466001005422852
5212466001005422921
5212466001005422996
5212466001005423622
5212466001005423789
5212466001005423824
5212466001005423944
5212466001005423979
5212466001005426250
5212466001005426801
5212466001005426836
5212466001005426918
5212466001005428539
5212466001005428935
5212466001005429648
5212466001005429743
5212466001005430224
5212466001005430706
5212466001005430800
5212466001005430913
5212466001005430948
5212466001005432315
5212466001005432566
5212466001005432936
5212466001005433000
5212466001005436530
5212466001005436822
5212466001005437518
5212466001005437742
5212466001005439355
5212466001005440194
5212466001005440583
5212466001005440802
5212466001005440844
5212466001005440887
5212466001005440938
5212466001005441276
5212466001005442370
5212466001005442986
5212466001005443607
5212466001005444709
5212466001005444749
5212466001005444793
5212466001005444885
5212466001005445100
5212466001005445763
5212466001005445891
5212466001005449208
5212466001005449578
5212466001005449714
5212466001005449915
5212466001005454491
5212466001005454546
5212466001005454732
5212466001005454793
5212466001005491073
5212466001005493482
5212466001005493577
5212466001005493991
5212466001005509145
5212466001005509243
5212466001005514258
5212466001005514810
5212466001005550026
5212466001005550128
5212466001005550606
5212466001005554012
5212466001005554882
5212466001005571406
5212466001005571534
5212466001005589012
5212466001005594275
5212466001005599169
5212466001005599606
5212466001005600509
5212466001005610358
5212466001005612485
5212466001005613043
5212466001005613376
5212466001005614235
5212466001005623076
5212466001005623276
5212466001005625879
5212466001005628920
5212466001005691643
5212466001005747579
5212466001005755106
5212466001005766127
5212466001006258993
5212466001006330007
5212466001006330701
5212466001006341252
5212466001006343172
5212466001006344517
5212466001006350201
5212466001006350385
5212466001006355413
5212466001006358307
5212466001006358453
5212466001006359223
5212466001006367222
5212466001006368186
5212466001006370192
5212466001006413620
5212466001006415637
5212466001006416170
5212466001006416778
5212466001006438013
5212466001006438178
5212466001006438459
5212466001006438521
5212466001006451244
5212466001006462092
5212466001006478001
5212466001006478043
5212466001006478376
5212466001006483613
5212466001006485161
5212466001006498002
5212466001006498175
5212466001006498726
5212466001006498807
5212466001006499114
5212466001006500159
5212466001006500194
5212466001006500512
5212466001006501163
5212466001006503264
5212466001006503834
5212466001006504011
5212466001006504342
5212466001006504398
5212466001006505742
5212466001006506415
5212466001006508271
5212466001006508440
5212466001006512359